startdate,totalsales,totalexpenses,profitchange
2024-10-01,84008.55,4649,0
2024-11-01,87739.15,4890,3730.6
2024-12-01,93025.9,4221,5286.75
2025-1-01,97983.35,4436,4957.45
2025-2-01,70376.0,4330,-27607.35
2025-3-01,97472.95,4621,27096.95
2025-4-01,88633.85,4376,-8839.1
2025-5-01,87566.95,4455,-1066.9
2025-6-01,68295.35,4257,-19271.6
